0.000000000000000000e+00
2.040510992950940850e+00
0.000000000000000000e+00
0.000000000000000000e+00
0.000000000000000000e+00
0.000000000000000000e+00
0.000000000000000000e+00
1.813326367103452297e+00
6.909701917856602904e+01
8.103672160406507885e+01
8.103672160407882075e+01
0.000000000000000000e+00
0.000000000000000000e+00
0.000000000000000000e+00
0.000000000000000000e+00
0.000000000000000000e+00
8.103672160406507885e+01
9.906557321013699107e-59
0.000000000000000000e+00
2.040510992950940850e+00
1.269995960599934648e+01
0.000000000000000000e+00
2.040510995016120432e+00
5.151544972866837213e+01
